0.174533 0.000000 0.000000
0.174533 0.174533 0.030154
0.000000 0.174533 0.000000
0.523599 0.000000 0.000000
0.523599 0.174533 0.086824
0.349066 0.174533 0.059391
0.872665 0.000000 0.000000
0.872665 0.174533 0.133022
0.698132 0.174533 0.111619
1.221730 0.000000 0.000000
1.221730 0.174533 0.163176
1.047198 0.174533 0.150384
1.570796 0.000000 0.000000
1.570796 0.174533 0.173648
1.396263 0.174533 0.171010
1.919862 0.000000 0.000000
1.919862 0.174533 0.163176
1.745329 0.174533 0.171010
2.268928 0.000000 0.000000
2.268928 0.174533 0.133022
2.094395 0.174533 0.150384
2.617994 0.000000 0.000000
2.617994 0.174533 0.086824
2.443461 0.174533 0.111619
2.967060 0.000000 0.000000
2.967060 0.174533 0.030154
2.792527 0.174533 0.059391
1.570796 0.000000 0.000000
1.570796 0.174533 0.173648
3.141593 0.174533 0.000000
0.174533 0.349066 0.059391
0.174533 0.523599 0.086824
0.000000 0.523599 0.000000
0.523599 0.349066 0.171010
0.523599 0.523599 0.250000
0.349066 0.523599 0.171010
0.872665 0.349066 0.262003
0.872665 0.523599 0.383022
0.698132 0.523599 0.321394
1.221730 0.349066 0.321394
1.221730 0.523599 0.469846
1.047198 0.523599 0.433013
1.570796 0.349066 0.342020
1.570796 0.523599 0.500000
1.396263 0.523599 0.492404
1.919862 0.349066 0.321394
1.919862 0.523599 0.469846
1.745329 0.523599 0.492404
2.268928 0.349066 0.262003
2.268928 0.523599 0.383022
2.094395 0.523599 0.433013
2.617994 0.349066 0.171010
2.617994 0.523599 0.250000
2.443461 0.523599 0.321394
2.967060 0.349066 0.059391
2.967060 0.523599 0.086824
2.792527 0.523599 0.171010
1.570796 0.349066 0.342020
1.570796 0.523599 0.500000
3.141593 0.523599 0.000000
0.174533 0.698132 0.111619
0.174533 0.872665 0.133022
0.000000 0.872665 0.000000
0.523599 0.698132 0.321394
0.523599 0.872665 0.383022
0.349066 0.872665 0.262003
0.872665 0.698132 0.492404
0.872665 0.872665 0.586824
0.698132 0.872665 0.492404
1.221730 0.698132 0.604023
1.221730 0.872665 0.719846
1.047198 0.872665 0.663414
1.570796 0.698132 0.642788
1.570796 0.872665 0.766044
1.396263 0.872665 0.754407
1.919862 0.698132 0.604023
1.919862 0.872665 0.719846
1.745329 0.872665 0.754407
2.268928 0.698132 0.492404
2.268928 0.872665 0.586824
2.094395 0.872665 0.663414
2.617994 0.698132 0.321394
2.617994 0.872665 0.383022
2.443461 0.872665 0.492404
2.967060 0.698132 0.111619
2.967060 0.872665 0.133022
2.792527 0.872665 0.262003
1.570796 0.698132 0.642788
1.570796 0.872665 0.766044
3.141593 0.872665 0.000000
0.174533 1.047198 0.150384
0.174533 1.221730 0.163176
0.000000 1.221730 0.000000
0.523599 1.047198 0.433013
0.523599 1.221730 0.469846
0.349066 1.221730 0.321394
0.872665 1.047198 0.663414
0.872665 1.221730 0.719846
0.698132 1.221730 0.604023
1.221730 1.047198 0.813798
1.221730 1.221730 0.883022
1.047198 1.221730 0.813798
1.570796 1.047198 0.866025
1.570796 1.221730 0.939693
1.396263 1.221730 0.925417
1.919862 1.047198 0.813798
1.919862 1.221730 0.883022
1.745329 1.221730 0.925417
2.268928 1.047198 0.663414
2.268928 1.221730 0.719846
2.094395 1.221730 0.813798
2.617994 1.047198 0.433013
2.617994 1.221730 0.469846
2.443461 1.221730 0.604023
2.967060 1.047198 0.150384
2.967060 1.221730 0.163176
2.792527 1.221730 0.321394
1.570796 1.047198 0.866025
1.570796 1.221730 0.939693
3.141593 1.221730 0.000000
0.174533 1.396263 0.171010
0.174533 1.570796 0.173648
0.000000 1.570796 0.000000
0.523599 1.396263 0.492404
0.523599 1.570796 0.500000
0.349066 1.570796 0.342020
0.872665 1.396263 0.754407
0.872665 1.570796 0.766044
0.698132 1.570796 0.642788
1.221730 1.396263 0.925417
1.221730 1.570796 0.939693
1.047198 1.570796 0.866025
1.570796 1.396263 0.984808
1.570796 1.570796 1.000000
1.396263 1.570796 0.984808
1.919862 1.396263 0.925417
1.919862 1.570796 0.939693
1.745329 1.570796 0.984808
2.268928 1.396263 0.754407
2.268928 1.570796 0.766044
2.094395 1.570796 0.866025
2.617994 1.396263 0.492404
2.617994 1.570796 0.500000
2.443461 1.570796 0.642788
2.967060 1.396263 0.171010
2.967060 1.570796 0.173648
2.792527 1.570796 0.342020
1.570796 1.396263 0.984808
1.570796 1.570796 1.000000
3.141593 1.570796 0.000000
0.174533 1.745329 0.171010
0.174533 1.919862 0.163176
0.000000 1.919862 0.000000
0.523599 1.745329 0.492404
0.523599 1.919862 0.469846
0.349066 1.919862 0.321394
0.872665 1.745329 0.754407
0.872665 1.919862 0.719846
0.698132 1.919862 0.604023
1.221730 1.745329 0.925417
1.221730 1.919862 0.883022
1.047198 1.919862 0.813798
1.570796 1.745329 0.984808
1.570796 1.919862 0.939693
1.396263 1.919862 0.925417
1.919862 1.745329 0.925417
1.919862 1.919862 0.883022
1.745329 1.919862 0.925417
2.268928 1.745329 0.754407
2.268928 1.919862 0.719846
2.094395 1.919862 0.813798
2.617994 1.745329 0.492404
2.617994 1.919862 0.469846
2.443461 1.919862 0.604023
2.967060 1.745329 0.171010
2.967060 1.919862 0.163176
2.792527 1.919862 0.321394
1.570796 1.745329 0.984808
1.570796 1.919862 0.939693
3.141593 1.919862 0.000000
0.174533 2.094395 0.150384
0.174533 2.268928 0.133022
0.000000 2.268928 0.000000
0.523599 2.094395 0.433013
0.523599 2.268928 0.383022
0.349066 2.268928 0.262003
0.872665 2.094395 0.663414
0.872665 2.268928 0.586824
0.698132 2.268928 0.492404
1.221730 2.094395 0.813798
1.221730 2.268928 0.719846
1.047198 2.268928 0.663414
1.570796 2.094395 0.866025
1.570796 2.268928 0.766044
1.396263 2.268928 0.754407
1.919862 2.094395 0.813798
1.919862 2.268928 0.719846
1.745329 2.268928 0.754407
2.268928 2.094395 0.663414
2.268928 2.268928 0.586824
2.094395 2.268928 0.663414
2.617994 2.094395 0.433013
2.617994 2.268928 0.383022
2.443461 2.268928 0.492404
2.967060 2.094395 0.150384
2.967060 2.268928 0.133022
2.792527 2.268928 0.262003
1.570796 2.094395 0.866025
1.570796 2.268928 0.766044
3.141593 2.268928 0.000000
0.174533 2.443461 0.111619
0.174533 2.617994 0.086824
0.000000 2.617994 0.000000
0.523599 2.443461 0.321394
0.523599 2.617994 0.250000
0.349066 2.617994 0.171010
0.872665 2.443461 0.492404
0.872665 2.617994 0.383022
0.698132 2.617994 0.321394
1.221730 2.443461 0.604023
1.221730 2.617994 0.469846
1.047198 2.617994 0.433013
1.570796 2.443461 0.642788
1.570796 2.617994 0.500000
1.396263 2.617994 0.492404
1.919862 2.443461 0.604023
1.919862 2.617994 0.469846
1.745329 2.617994 0.492404
2.268928 2.443461 0.492404
2.268928 2.617994 0.383022
2.094395 2.617994 0.433013
2.617994 2.443461 0.321394
2.617994 2.617994 0.250000
2.443461 2.617994 0.321394
2.967060 2.443461 0.111619
2.967060 2.617994 0.086824
2.792527 2.617994 0.171010
1.570796 2.443461 0.642788
1.570796 2.617994 0.500000
3.141593 2.617994 0.000000
0.174533 2.792527 0.059391
0.174533 2.967060 0.030154
0.000000 2.967060 0.000000
0.523599 2.792527 0.171010
0.523599 2.967060 0.086824
0.349066 2.967060 0.059391
0.872665 2.792527 0.262003
0.872665 2.967060 0.133022
0.698132 2.967060 0.111619
1.221730 2.792527 0.321394
1.221730 2.967060 0.163176
1.047198 2.967060 0.150384
1.570796 2.792527 0.342020
1.570796 2.967060 0.173648
1.396263 2.967060 0.171010
1.919862 2.792527 0.321394
1.919862 2.967060 0.163176
1.745329 2.967060 0.171010
2.268928 2.792527 0.262003
2.268928 2.967060 0.133022
2.094395 2.967060 0.150384
2.617994 2.792527 0.171010
2.617994 2.967060 0.086824
2.443461 2.967060 0.111619
2.967060 2.792527 0.059391
2.967060 2.967060 0.030154
2.792527 2.967060 0.059391
1.570796 2.792527 0.342020
1.570796 2.967060 0.173648
3.141593 2.967060 0.000000
0.174533 3.141593 0.000000
0.174533 1.570796 0.173648
0.000000 1.570796 0.000000
0.523599 3.141593 0.000000
0.523599 1.570796 0.500000
0.349066 1.570796 0.342020
0.872665 3.141593 0.000000
0.872665 1.570796 0.766044
0.698132 1.570796 0.642788
1.221730 3.141593 0.000000
1.221730 1.570796 0.939693
1.047198 1.570796 0.866025
1.570796 3.141593 0.000000
1.570796 1.570796 1.000000
1.396263 1.570796 0.984808
1.919862 3.141593 0.000000
1.919862 1.570796 0.939693
1.745329 1.570796 0.984808
2.268928 3.141593 0.000000
2.268928 1.570796 0.766044
2.094395 1.570796 0.866025
2.617994 3.141593 0.000000
2.617994 1.570796 0.500000
2.443461 1.570796 0.642788
2.967060 3.141593 0.000000
2.967060 1.570796 0.173648
2.792527 1.570796 0.342020
1.570796 3.141593 0.000000
1.570796 1.570796 1.000000
3.141593 1.570796 0.000000
