0.174533 0.000000 0.558010
0.174533 0.174533 0.000000
0.000000 0.174533 -0.558010
0.523599 0.000000 1.996614
0.523599 0.174533 0.153999
0.349066 0.174533 0.260027
0.872665 0.000000 2.954898
0.872665 0.174533 0.458775
0.698132 0.174533 0.716363
1.221730 0.000000 2.260740
1.221730 0.174533 0.708215
1.047198 0.174533 1.086295
1.570796 0.000000 3.646481
1.570796 0.174533 -0.044202
1.396263 0.174533 0.029166
1.919862 0.000000 3.535862
1.919862 0.174533 -0.044202
1.745329 0.174533 0.025059
2.268928 0.000000 2.998767
2.268928 0.174533 -0.038871
2.094395 0.174533 0.017930
2.617994 0.000000 2.099976
2.617994 0.174533 -0.028851
2.443461 0.174533 0.008638
2.967060 0.000000 1.889922
2.967060 0.174533 -0.502977
2.792527 0.174533 -0.001696
1.570796 0.000000 15.538070
1.570796 0.174533 -0.689637
3.141593 0.174533 0.695479
0.174533 0.349066 -0.260027
0.174533 0.523599 -0.153999
0.000000 0.523599 -1.996614
0.523599 0.349066 -0.040278
0.523599 0.523599 0.000000
0.349066 0.523599 0.040278
0.872665 0.349066 -0.055168
0.872665 0.523599 -0.015351
0.698132 0.523599 0.041646
1.221730 0.349066 -0.063405
1.221730 0.523599 -0.028851
1.047198 0.523599 0.037992
1.570796 0.349066 -0.063994
1.570796 0.523599 -0.038871
1.396263 0.523599 0.029755
1.919862 0.349066 -0.056865
1.919862 0.523599 -0.044202
1.745329 0.523599 0.017930
2.268928 0.349066 -0.042876
2.268928 0.523599 -0.044202
2.094395 0.523599 0.003942
2.617994 0.349066 -0.023717
2.617994 0.523599 -0.038871
2.443461 0.523599 -0.010522
2.967060 0.349066 -0.691303
2.967060 0.523599 -0.775937
2.792527 0.523599 -0.023717
1.570796 0.349066 -0.630503
1.570796 0.523599 -0.644025
3.141593 0.523599 2.466908
0.174533 0.698132 -0.716363
0.174533 0.872665 -0.458775
0.000000 0.872665 -2.954898
0.523599 0.698132 -0.041646
0.523599 0.872665 0.015351
0.349066 0.872665 0.055168
0.872665 0.698132 -0.051514
0.872665 0.872665 0.000000
0.698132 0.872665 0.051514
1.221730 0.698132 -0.055168
1.221730 0.872665 -0.015351
1.047198 0.872665 0.041646
1.570796 0.698132 -0.052169
1.570796 0.872665 -0.028851
1.396263 0.872665 0.026756
1.919862 0.698132 -0.042876
1.919862 0.872665 -0.038871
1.745329 0.872665 0.008638
2.268928 0.698132 -0.028413
2.268928 0.872665 -0.044202
2.094395 0.872665 -0.010522
2.617994 0.698132 -0.010522
2.617994 0.872665 -0.044202
2.443461 0.872665 -0.028413
2.967060 0.698132 -1.047902
2.967060 0.872665 -0.038871
2.792527 0.872665 -0.042876
1.570796 0.698132 -0.623850
1.570796 0.872665 -0.598316
3.141593 0.872665 1.942228
0.174533 1.047198 -1.086295
0.174533 1.221730 -0.708215
0.000000 1.221730 -2.260740
0.523599 1.047198 -0.037992
0.523599 1.221730 0.028851
0.349066 1.221730 0.063405
0.872665 1.047198 -0.041646
0.872665 1.221730 0.015351
0.698132 1.221730 0.055168
1.221730 1.047198 -0.040278
1.221730 1.221730 0.000000
1.047198 1.221730 0.040278
1.570796 1.047198 -0.034051
1.570796 1.221730 -0.015351
1.396263 1.221730 0.020529
1.919862 1.047198 -0.023717
1.919862 1.221730 -0.028851
1.745329 1.221730 -0.001696
2.268928 1.047198 -0.010522
2.268928 1.221730 -0.038871
2.094395 1.221730 -0.023717
2.617994 1.047198 0.003942
2.617994 1.221730 -0.044202
2.443461 1.221730 -0.042876
2.967060 1.047198 0.017930
2.967060 1.221730 -0.044202
2.792527 1.221730 -0.056865
1.570796 1.047198 -0.397947
1.570796 1.221730 -0.194194
3.141593 1.221730 3.535862
0.174533 1.396263 -0.029166
0.174533 1.570796 0.044202
0.000000 1.570796 -3.646481
0.523599 1.396263 -0.029755
0.523599 1.570796 0.038871
0.349066 1.570796 0.063994
0.872665 1.396263 -0.026756
0.872665 1.570796 0.028851
0.698132 1.570796 0.052169
1.221730 1.396263 -0.020529
1.221730 1.570796 0.015351
1.047198 1.570796 0.034051
1.570796 1.396263 -0.011826
1.570796 1.570796 0.000000
1.396263 1.570796 0.011826
1.919862 1.396263 -0.001696
1.919862 1.570796 -0.015351
1.745329 1.570796 -0.011826
2.268928 1.396263 0.008638
2.268928 1.570796 -0.028851
2.094395 1.570796 -0.034051
2.617994 1.396263 0.017930
2.617994 1.570796 -0.038871
2.443461 1.570796 -0.052169
2.967060 1.396263 0.025059
2.967060 1.570796 -0.044202
2.792527 1.570796 -0.063994
1.570796 1.396263 -0.097435
1.570796 1.570796 0.000000
3.141593 1.570796 3.646481
0.174533 1.745329 -0.025059
0.174533 1.919862 0.044202
0.000000 1.919862 -3.535862
0.523599 1.745329 -0.017930
0.523599 1.919862 0.044202
0.349066 1.919862 0.056865
0.872665 1.745329 -0.008638
0.872665 1.919862 0.038871
0.698132 1.919862 0.042876
1.221730 1.745329 0.001696
1.221730 1.919862 0.028851
1.047198 1.919862 0.023717
1.570796 1.745329 0.011826
1.570796 1.919862 0.015351
1.396263 1.919862 0.001696
1.919862 1.745329 0.020529
1.919862 1.919862 0.000000
1.745329 1.919862 -0.020529
2.268928 1.745329 0.026756
2.268928 1.919862 -0.015351
2.094395 1.919862 -0.040278
2.617994 1.745329 0.029755
2.617994 1.919862 -0.028851
2.443461 1.919862 -0.055168
2.967060 1.745329 0.029166
2.967060 1.919862 -0.038871
2.792527 1.919862 -0.063405
1.570796 1.745329 0.097435
1.570796 1.919862 0.194194
3.141593 1.919862 3.317279
0.174533 2.094395 -0.017930
0.174533 2.268928 0.038871
0.000000 2.268928 -2.998767
0.523599 2.094395 -0.003942
0.523599 2.268928 0.044202
0.349066 2.268928 0.042876
0.872665 2.094395 0.010522
0.872665 2.268928 0.044202
0.698132 2.268928 0.028413
1.221730 2.094395 0.023717
1.221730 2.268928 0.038871
1.047198 2.268928 0.010522
1.570796 2.094395 0.034051
1.570796 2.268928 0.028851
1.396263 2.268928 -0.008638
1.919862 2.094395 0.040278
1.919862 2.268928 0.015351
1.745329 2.268928 -0.026756
2.268928 2.094395 0.041646
2.268928 2.268928 0.000000
2.094395 2.268928 -0.041646
2.617994 2.094395 0.037992
2.617994 2.268928 -0.015351
2.443461 2.268928 -0.051514
2.967060 2.094395 0.029755
2.967060 2.268928 -0.028851
2.792527 2.268928 -0.055168
1.570796 2.094395 0.280554
1.570796 2.268928 0.364965
3.141593 2.268928 2.587965
0.174533 2.443461 -0.008638
0.174533 2.617994 0.028851
0.000000 2.617994 -2.099976
0.523599 2.443461 0.010522
0.523599 2.617994 0.038871
0.349066 2.617994 0.023717
0.872665 2.443461 0.028413
0.872665 2.617994 0.044202
0.698132 2.617994 0.010522
1.221730 2.443461 0.042876
1.221730 2.617994 0.044202
1.047198 2.617994 -0.003942
1.570796 2.443461 0.052169
1.570796 2.617994 0.038871
1.396263 2.617994 -0.017930
1.919862 2.443461 0.055168
1.919862 2.617994 0.028851
1.745329 2.617994 -0.029755
2.268928 2.443461 0.051514
2.268928 2.617994 0.015351
2.094395 2.617994 -0.037992
2.617994 2.443461 0.041646
2.617994 2.617994 0.000000
2.443461 2.617994 -0.041646
2.967060 2.443461 0.026756
2.967060 2.617994 -0.015351
2.792527 2.617994 -0.040278
1.570796 2.443461 0.429833
1.570796 2.617994 0.491717
3.141593 2.617994 1.546505
0.174533 2.792527 0.001696
0.174533 2.967060 0.502977
0.000000 2.967060 -1.889922
0.523599 2.792527 0.023717
0.523599 2.967060 0.775937
0.349066 2.967060 0.691303
0.872665 2.792527 0.042876
0.872665 2.967060 0.038871
0.698132 2.967060 1.047902
1.221730 2.792527 0.056865
1.221730 2.967060 0.044202
1.047198 2.967060 -0.017930
1.570796 2.792527 0.063994
1.570796 2.967060 0.044202
1.396263 2.967060 -0.025059
1.919862 2.792527 0.063405
1.919862 2.967060 0.038871
1.745329 2.967060 -0.029166
2.268928 2.792527 0.055168
2.268928 2.967060 0.028851
2.094395 2.967060 -0.029755
2.617994 2.792527 0.040278
2.617994 2.967060 0.015351
2.443461 2.967060 -0.026756
2.967060 2.792527 0.020529
2.967060 2.967060 0.000000
2.792527 2.967060 -0.020529
1.570796 2.792527 0.527269
1.570796 2.967060 0.455130
3.141593 2.967060 0.318512
0.174533 3.141593 -0.695479
0.174533 1.570796 0.689637
0.000000 1.570796 -15.538070
0.523599 3.141593 -2.466908
0.523599 1.570796 0.644025
0.349066 1.570796 0.630503
0.872665 3.141593 -1.942228
0.872665 1.570796 0.598316
0.698132 1.570796 0.623850
1.221730 3.141593 -3.535862
1.221730 1.570796 0.194194
1.047198 1.570796 0.397947
1.570796 3.141593 -3.646481
1.570796 1.570796 0.000000
1.396263 1.570796 0.097435
1.919862 3.141593 -3.317279
1.919862 1.570796 -0.194194
1.745329 1.570796 -0.097435
2.268928 3.141593 -2.587965
2.268928 1.570796 -0.364965
2.094395 1.570796 -0.280554
2.617994 3.141593 -1.546505
2.617994 1.570796 -0.491717
2.443461 1.570796 -0.429833
2.967060 3.141593 -0.318512
2.967060 1.570796 -0.455130
2.792527 1.570796 -0.527269
1.570796 3.141593 -15.328731
1.570796 1.570796 0.000000
3.141593 1.570796 15.328731
